50 200 200
112 152 -1 1 0
113 151 -1 1 0
112 151 -1 1 0
111 151 -1 1 0
112 150 -1 1 0
105 146 -1 1 0
106 145 -1 1 0
105 145 -1 1 0
104 145 -1 1 0
105 144 -1 1 0
97 140 -1 1 0
98 139 -1 1 0
97 139 -1 1 0
96 139 -1 1 0
97 138 -1 1 0
90 134 -1 1 0
91 133 -1 1 0
90 133 -1 1 0
89 133 -1 1 0
90 132 -1 1 0
87 124 -1 1 0
88 123 -1 1 0
87 123 -1 1 0
86 123 -1 1 0
87 122 -1 1 0
89 110 -1 1 0
90 109 -1 1 0
89 109 -1 1 0
88 109 -1 1 0
89 108 -1 1 0
98 98 -1 1 0
99 97 -1 1 0
98 97 -1 1 0
97 97 -1 1 0
98 96 -1 1 0
100 84 -1 1 0
101 83 -1 1 0
100 83 -1 1 0
99 83 -1 1 0
100 82 -1 1 0
98 73 -1 1 0
99 72 -1 1 0
98 72 -1 1 0
97 72 -1 1 0
98 71 -1 1 0
96 60 -1 1 0
97 59 -1 1 0
96 59 -1 1 0
95 59 -1 1 0
96 58 -1 1 0
