50 200 200
95 135 -1 1 0
96 134 -1 1 0
95 134 -1 1 0
94 134 -1 1 0
95 133 -1 1 0
95 125 -1 1 0
96 124 -1 1 0
95 124 -1 1 0
94 124 -1 1 0
95 123 -1 1 0
97 117 -1 1 0
98 116 -1 1 0
97 116 -1 1 0
96 116 -1 1 0
97 115 -1 1 0
102 110 -1 1 0
103 109 -1 1 0
102 109 -1 1 0
101 109 -1 1 0
102 108 -1 1 0
98 108 -1 1 0
99 107 -1 1 0
98 107 -1 1 0
97 107 -1 1 0
98 106 -1 1 0
97 99 -1 1 0
98 98 -1 1 0
97 98 -1 1 0
96 98 -1 1 0
97 97 -1 1 0
98 90 -1 1 0
99 89 -1 1 0
98 89 -1 1 0
97 89 -1 1 0
98 88 -1 1 0
97 79 -1 1 0
98 78 -1 1 0
97 78 -1 1 0
96 78 -1 1 0
97 77 -1 1 0
94 75 -1 1 0
95 74 -1 1 0
94 74 -1 1 0
93 74 -1 1 0
94 73 -1 1 0
97 69 -1 1 0
98 68 -1 1 0
97 68 -1 1 0
96 68 -1 1 0
97 67 -1 1 0
