50 200 200
103 193 -1 1 0
104 192 -1 1 0
103 192 -1 1 0
102 192 -1 1 0
103 191 -1 1 0
100 177 -1 1 0
101 176 -1 1 0
100 176 -1 1 0
99 176 -1 1 0
100 175 -1 1 0
97 162 -1 1 0
98 161 -1 1 0
97 161 -1 1 0
96 161 -1 1 0
97 160 -1 1 0
94 133 -1 1 0
95 132 -1 1 0
94 132 -1 1 0
93 132 -1 1 0
94 131 -1 1 0
93 107 -1 1 0
94 106 -1 1 0
93 106 -1 1 0
92 106 -1 1 0
93 105 -1 1 0
94 78 -1 1 0
95 77 -1 1 0
94 77 -1 1 0
93 77 -1 1 0
94 76 -1 1 0
96 60 -1 1 0
97 59 -1 1 0
96 59 -1 1 0
95 59 -1 1 0
96 58 -1 1 0
97 37 -1 1 0
98 36 -1 1 0
97 36 -1 1 0
96 36 -1 1 0
97 35 -1 1 0
100 22 -1 1 0
101 21 -1 1 0
100 21 -1 1 0
99 21 -1 1 0
100 20 -1 1 0
99 10 -1 1 0
100 9 -1 1 0
99 9 -1 1 0
98 9 -1 1 0
99 8 -1 1 0
