50 200 200
105 160 -1 1 0
106 159 -1 1 0
105 159 -1 1 0
104 159 -1 1 0
105 158 -1 1 0
102 150 -1 1 0
103 149 -1 1 0
102 149 -1 1 0
101 149 -1 1 0
102 148 -1 1 0
98 138 -1 1 0
99 137 -1 1 0
98 137 -1 1 0
97 137 -1 1 0
98 136 -1 1 0
95 126 -1 1 0
96 125 -1 1 0
95 125 -1 1 0
94 125 -1 1 0
95 124 -1 1 0
93 114 -1 1 0
94 113 -1 1 0
93 113 -1 1 0
92 113 -1 1 0
93 112 -1 1 0
93 100 -1 1 0
94 99 -1 1 0
93 99 -1 1 0
92 99 -1 1 0
93 98 -1 1 0
95 88 -1 1 0
96 87 -1 1 0
95 87 -1 1 0
94 87 -1 1 0
95 86 -1 1 0
96 73 -1 1 0
97 72 -1 1 0
96 72 -1 1 0
95 72 -1 1 0
96 71 -1 1 0
100 61 -1 1 0
101 60 -1 1 0
100 60 -1 1 0
99 60 -1 1 0
100 59 -1 1 0
103 48 -1 1 0
104 47 -1 1 0
103 47 -1 1 0
102 47 -1 1 0
103 46 -1 1 0
