50 200 200
94 98 -1 2 0
102 122 -1 2 0
96 117 -1 2 0
91 90 -1 2 0
91 95 -1 2 0
98 80 -1 2 0
96 113 -1 2 0
98 85 -1 2 0
106 117 -1 2 0
104 108 -1 2 0
89 87 -1 2 0
101 87 -1 2 0
102 77 -1 2 0
107 97 -1 2 0
97 99 -1 2 0
104 115 -1 2 0
101 90 -1 2 0
93 108 -1 2 0
100 118 -1 2 0
101 109 -1 2 0
96 103 -1 2 0
90 104 -1 2 0
109 94 -1 2 0
108 103 -1 2 0
107 91 -1 2 0
108 84 -1 2 0
94 121 -1 2 0
91 83 -1 2 0
105 88 -1 2 0
102 99 -1 2 0
100 97 -1 2 0
102 95 -1 2 0
96 108 -1 2 0
100 103 -1 2 0
107 105 -1 2 0
112 93 -1 2 0
88 94 -1 2 0
100 79 -1 2 0
88 107 -1 2 0
110 102 -1 2 0
94 81 -1 2 0
86 92 -1 2 0
94 106 -1 2 0
88 88 -1 2 0
98 76 -1 2 0
92 116 -1 2 0
110 85 -1 2 0
111 97 -1 2 0
110 88 -1 2 0
112 97 -1 2 0
