50 200 200
105 89 -1 4 0
107 105 -1 4 0
102 93 -1 4 0
100 77 -1 4 0
97 81 -1 4 0
92 111 -1 4 0
102 102 -1 4 0
102 81 -1 4 0
104 113 -1 4 0
94 89 -1 4 0
93 100 -1 4 0
96 120 -1 4 0
93 116 -1 4 0
99 102 -1 4 0
99 93 -1 4 0
95 98 -1 4 0
98 108 -1 4 0
99 87 -1 4 0
101 85 -1 4 0
96 115 -1 4 0
97 113 -1 4 0
98 97 -1 4 0
93 105 -1 4 0
110 92 -1 4 0
97 118 -1 4 0
88 99 -1 4 0
103 105 -1 4 0
97 76 -1 4 0
110 98 -1 4 0
105 122 -1 4 0
104 96 -1 4 0
99 74 -1 4 0
103 79 -1 4 0
109 103 -1 4 0
90 92 -1 4 0
92 85 -1 4 0
98 79 -1 4 0
107 115 -1 4 0
105 105 -1 4 0
91 94 -1 4 0
109 112 -1 4 0
92 106 -1 4 0
101 75 -1 4 0
90 102 -1 4 0
108 83 -1 4 0
95 88 -1 4 0
102 116 -1 4 0
110 97 -1 4 0
94 78 -1 4 0
95 80 -1 4 0
