50 200 200
97 84 -1 6 0
99 110 -1 6 0
92 104 -1 6 0
91 108 -1 6 0
99 99 -1 6 0
99 92 -1 6 0
100 87 -1 6 0
88 97 -1 6 0
102 102 -1 6 0
99 77 -1 6 0
94 82 -1 6 0
103 93 -1 6 0
98 106 -1 6 0
105 99 -1 6 0
103 113 -1 6 0
100 81 -1 6 0
96 112 -1 6 0
106 104 -1 6 0
110 94 -1 6 0
104 81 -1 6 0
104 120 -1 6 0
104 85 -1 6 0
91 116 -1 6 0
106 79 -1 6 0
109 116 -1 6 0
95 78 -1 6 0
94 115 -1 6 0
107 117 -1 6 0
92 83 -1 6 0
99 102 -1 6 0
98 118 -1 6 0
108 87 -1 6 0
110 97 -1 6 0
105 87 -1 6 0
96 94 -1 6 0
109 108 -1 6 0
89 109 -1 6 0
107 115 -1 6 0
95 116 -1 6 0
96 90 -1 6 0
109 113 -1 6 0
95 95 -1 6 0
88 103 -1 6 0
102 86 -1 6 0
93 114 -1 6 0
88 108 -1 6 0
112 98 -1 6 0
92 84 -1 6 0
111 106 -1 6 0
109 103 -1 6 0
