50 200 200
105 108 -1 3 0
99 112 -1 3 0
97 107 -1 3 0
101 103 -1 3 0
101 93 -1 3 0
103 92 -1 3 0
101 100 -1 3 0
100 107 -1 3 0
104 98 -1 3 0
93 105 -1 3 0
106 109 -1 3 0
101 96 -1 3 0
106 98 -1 3 0
95 103 -1 3 0
99 84 -1 3 0
101 108 -1 3 0
93 99 -1 3 0
103 109 -1 3 0
107 99 -1 3 0
95 112 -1 3 0
96 90 -1 3 0
99 87 -1 3 0
97 93 -1 3 0
95 102 -1 3 0
97 100 -1 3 0
95 108 -1 3 0
101 84 -1 3 0
97 97 -1 3 0
102 105 -1 3 0
97 87 -1 3 0
104 90 -1 3 0
93 111 -1 3 0
96 114 -1 3 0
104 109 -1 3 0
103 87 -1 3 0
92 106 -1 3 0
97 90 -1 3 0
99 116 -1 3 0
101 95 -1 3 0
107 92 -1 3 0
97 92 -1 3 0
96 89 -1 3 0
92 107 -1 3 0
95 87 -1 3 0
97 88 -1 3 0
94 87 -1 3 0
96 93 -1 3 0
103 103 -1 3 0
101 113 -1 3 0
96 86 -1 3 0
