50 200 200
109 99 -1 1 0
86 99 -1 1 0
102 126 -1 1 0
103 116 -1 1 0
117 103 -1 1 0
86 110 -1 1 0
98 72 -1 1 0
89 87 -1 1 0
93 103 -1 1 0
82 88 -1 1 0
106 111 -1 1 0
112 72 -1 1 0
95 111 -1 1 0
105 81 -1 1 0
102 76 -1 1 0
88 73 -1 1 0
95 120 -1 1 0
113 110 -1 1 0
112 81 -1 1 0
109 132 -1 1 0
89 135 -1 1 0
98 64 -1 1 0
104 69 -1 1 0
85 71 -1 1 0
104 59 -1 1 0
97 94 -1 1 0
110 138 -1 1 0
115 76 -1 1 0
93 88 -1 1 0
94 68 -1 1 0
109 83 -1 1 0
86 118 -1 1 0
89 123 -1 1 0
96 124 -1 1 0
112 133 -1 1 0
87 129 -1 1 0
103 99 -1 1 0
115 86 -1 1 0
119 123 -1 1 0
96 58 -1 1 0
103 62 -1 1 0
78 117 -1 1 0
120 79 -1 1 0
77 88 -1 1 0
121 108 -1 1 0
102 61 -1 1 0
110 62 -1 1 0
120 88 -1 1 0
122 88 -1 1 0
116 74 -1 1 0
