50 200 200
96 119 -1 5 0
106 103 -1 5 0
103 78 -1 5 0
105 85 -1 5 0
105 81 -1 5 0
105 122 -1 5 0
86 104 -1 5 0
102 100 -1 5 0
91 79 -1 5 0
100 86 -1 5 0
94 84 -1 5 0
93 95 -1 5 0
93 86 -1 5 0
87 92 -1 5 0
98 92 -1 5 0
102 108 -1 5 0
95 72 -1 5 0
99 100 -1 5 0
112 108 -1 5 0
86 88 -1 5 0
109 85 -1 5 0
105 115 -1 5 0
91 104 -1 5 0
93 90 -1 5 0
96 81 -1 5 0
98 126 -1 5 0
89 95 -1 5 0
98 109 -1 5 0
111 94 -1 5 0
97 77 -1 5 0
110 104 -1 5 0
87 114 -1 5 0
91 87 -1 5 0
104 92 -1 5 0
102 74 -1 5 0
98 96 -1 5 0
90 108 -1 5 0
113 98 -1 5 0
108 86 -1 5 0
88 117 -1 5 0
86 96 -1 5 0
103 86 -1 5 0
112 88 -1 5 0
97 94 -1 5 0
96 93 -1 5 0
105 90 -1 5 0
90 83 -1 5 0
88 98 -1 5 0
85 93 -1 5 0
113 86 -1 5 0
