50 200 200
114 127 -1 1 0
115 126 -1 1 0
114 126 -1 1 0
113 126 -1 1 0
114 125 -1 1 0
101 121 -1 1 0
102 120 -1 1 0
101 120 -1 1 0
100 120 -1 1 0
101 119 -1 1 0
88 115 -1 1 0
89 114 -1 1 0
88 114 -1 1 0
87 114 -1 1 0
88 113 -1 1 0
82 103 -1 1 0
83 102 -1 1 0
82 102 -1 1 0
81 102 -1 1 0
82 101 -1 1 0
83 89 -1 1 0
119 88 -1 1 0
84 88 -1 1 0
83 88 -1 1 0
82 88 -1 1 0
120 87 -1 1 0
119 87 -1 1 0
118 87 -1 1 0
83 87 -1 1 0
119 86 -1 1 0
117 82 -1 1 0
118 81 -1 1 0
117 81 -1 1 0
116 81 -1 1 0
117 80 -1 1 0
91 80 -1 1 0
92 79 -1 1 0
91 79 -1 1 0
90 79 -1 1 0
91 78 -1 1 0
112 77 -1 1 0
113 76 -1 1 0
112 76 -1 1 0
111 76 -1 1 0
102 76 -1 1 0
112 75 -1 1 0
103 75 -1 1 0
102 75 -1 1 0
101 75 -1 1 0
102 74 -1 1 0
