50 200 200
97 146 -1 1 0
98 145 -1 1 0
97 145 -1 1 0
96 145 -1 1 0
97 144 -1 1 0
99 132 -1 1 0
100 131 -1 1 0
99 131 -1 1 0
98 131 -1 1 0
99 130 -1 1 0
101 120 -1 1 0
102 119 -1 1 0
101 119 -1 1 0
100 119 -1 1 0
101 118 -1 1 0
101 108 -1 1 0
102 107 -1 1 0
101 107 -1 1 0
100 107 -1 1 0
101 106 -1 1 0
102 97 -1 1 0
103 96 -1 1 0
102 96 -1 1 0
101 96 -1 1 0
102 95 -1 1 0
101 86 -1 1 0
102 85 -1 1 0
101 85 -1 1 0
100 85 -1 1 0
101 84 -1 1 0
101 75 -1 1 0
102 74 -1 1 0
101 74 -1 1 0
100 74 -1 1 0
101 73 -1 1 0
98 63 -1 1 0
99 62 -1 1 0
98 62 -1 1 0
97 62 -1 1 0
98 61 -1 1 0
97 54 -1 1 0
98 53 -1 1 0
97 53 -1 1 0
96 53 -1 1 0
97 52 -1 1 0
96 48 -1 1 0
97 47 -1 1 0
96 47 -1 1 0
95 47 -1 1 0
96 46 -1 1 0
